Date,SPY,DIA,QQQ
1/2/04,90.07,80.93,33.57
1/5/04,91.01,81.18,34.83
1/12/04,92.5,82.35,35.61
1/20/04,92.66,82.14,35.09
1/26/04,91.89,81.54,34.23
2/2/04,92.67,82.26,34.28
2/9/04,93.23,82.8,34.11
2/17/04,93.02,82.79,34.03
2/23/04,93.14,82.51,33.76
3/1/04,94.24,82.61,33.82
3/8/04,91.16,79.74,32.79
3/15/04,90.24,79.39,32.08
3/22/04,90.22,79.59,32.52
3/29/04,93.15,81.74,34.25
4/5/04,92.93,81.53,34.11
4/12/04,92.5,81.56,33.32
4/19/04,92.93,81.76,34.35
4/26/04,90.16,79.76,32.1
5/3/04,89.35,78.82,32.29
5/10/04,89.42,78.28,32.08
5/17/04,89.23,78,32.33
5/24/04,91.71,79.86,33.75
6/1/04,91.81,80.24,33.41
6/7/04,92.92,81.48,34.01
6/14/04,92.67,81.53,33.64
6/21/04,92.84,81.4,34.47
6/28/04,92.06,80.6,33.99
7/6/04,91.12,80.08,33.01
7/12/04,90.29,79.63,32.01
7/19/04,88.86,78.15,31.59
7/26/04,90.39,79.66,32.21
8/2/04,87.14,77.02,30.21
8/9/04,87.42,77.28,30.02
8/16/04,90.1,79.51,31.4
8/23/04,90.89,80.22,31.91
8/30/04,91.44,80.77,31.52
9/7/04,92.21,81.06,32.43
9/13/04,92.66,80.97,32.71
9/20/04,91.28,79.17,32.13
9/27/04,93.07,80.31,33.33
10/4/04,92.14,79.16,32.85
10/11/04,91.12,78.19,32.9
10/18/04,90.08,76.91,33.05
10/25/04,92.7,78.98,34.07
11/1/04,96.05,82,35.05
11/8/04,97.28,83.12,35.69
11/15/04,96.44,82.71,35.71
11/22/04,97.21,82.98,36.2
11/29/04,97.95,83.59,37.05
12/6/04,98.01,83.44,36.87
12/13/04,98.57,84.39,36.79
12/20/04,99.66,85.67,37.06
12/27/04,99.75,85.16,37.21
1/3/05,97.74,83.84,35.93
1/10/05,97.58,83.52,35.82
1/18/05,96.37,82.33,34.53
1/24/05,96.91,82.81,34.41
1/31/05,99.22,84.84,35.19
2/7/05,99.66,85.7,35.14
2/14/05,99.35,85.67,34.81
2/22/05,100.21,86.11,35.07
2/28/05,101.28,87.04,34.97
3/7/05,99.35,85.69,34.65
3/14/05,98.21,84.33,34.03
3/21/05,97.05,83.12,33.81
3/28/05,97.29,82.81,33.74
4/4/05,97.76,83.2,34.15
4/11/05,94.57,80.2,32.38
4/18/05,95.75,81.1,32.71
4/25/05,95.9,81.14,32.61
5/2/05,97.01,82.38,33.43
5/9/05,95.87,80.98,33.78
5/16/05,98.69,83.6,35.1
5/23/05,99.63,84.19,35.62
5/31/05,99.54,83.67,35.51
6/6/05,99.58,84.03,35
6/13/05,100.95,84.82,35.33
6/20/05,98.97,82.28,34.49
6/27/05,99.43,82.48,34.27
7/5/05,100.92,83.64,35.24
7/11/05,102.18,85.09,36.28
7/18/05,102.76,85.25,36.78
7/25/05,102.93,85.37,36.93
8/1/05,102.22,84.58,36.83
8/8/05,102.37,84.87,36.58
8/15/05,101.87,84.89,36.22
8/22/05,100.45,83.42,35.88
8/29/05,101.71,83.99,36.17
9/6/05,103.65,85.72,36.96
9/12/05,103.17,85.42,36.76
9/19/05,101.45,83.71,36.15
9/26/05,102.78,85.03,36.82
10/3/05,99.92,82.8,35.77
10/10/05,99.13,82.69,35.51
10/17/05,98.68,82.24,35.97
10/24/05,100.08,83.61,35.75
10/31/05,102.01,84.7,37.39
11/7/05,103.39,86.17,37.98
11/14/05,104.53,86.81,38.67
11/21/05,106.2,88.26,39.08
11/28/05,105.97,87.85,39.29
12/5/05,105.53,86.98,38.92
12/12/05,106.12,87.79,38.89
12/19/05,106.45,87.99,38.72
12/27/05,104.56,86.53,37.79
1/3/06,107.86,88.61,39.92
1/9/06,108.07,88.63,40.2
1/17/06,105.79,86.24,38.58
1/23/06,107.95,88.38,39.38
1/30/06,106.04,87.31,38.27
2/6/06,106.35,88.39,38.31
2/13/06,108.17,90.09,38.54
2/21/06,108.68,89.88,38.59
2/27/06,108.13,89.32,38.76
3/6/06,107.99,89.95,37.93
3/13/06,110.13,91.66,38.79
3/20/06,109.79,91.7,38.65
3/27/06,109.46,90.53,39.24
4/3/06,109.22,90.47,39.61
4/10/06,108.52,90.5,39.4
4/17/06,110.58,92.32,39.31
4/24/06,110.85,92.71,39.17
5/1/06,111.73,94.14,39.46
5/8/06,108.97,92.71,37.61
5/15/06,107.16,90.98,36.83
5/22/06,108.24,92.05,36.96
5/30/06,108.77,91.71,37.1
6/5/06,105.69,88.83,35.7
6/12/06,105.56,89.9,35.91
6/19/06,105.38,89.89,35.73
6/26/06,107.79,91.38,36.31
7/3/06,107.22,90.7,35.3
7/10/06,104.6,87.72,33.66
7/17/06,104.97,88.86,33.43
7/24/06,108.38,91.73,34.75
7/31/06,108.57,92.07,34.6
8/7/06,107.56,90.9,34.21
8/14/06,110.68,93.35,36.33
8/21/06,109.93,92.56,35.89
8/28/06,111.3,94.09,36.6
9/5/06,110.33,93.41,36.26
9/11/06,112.24,94.99,37.59
9/18/06,111.83,94.51,37.36
9/25/06,113.62,95.93,38.09
10/2/06,114.84,97.39,38.8
10/9/06,116.22,98.32,39.76
10/16/06,116.39,98.67,39.36
10/23/06,117.31,99.44,39.55
10/30/06,116.14,98.55,39.29
11/6/06,117.59,99.64,40.32
11/13/06,119.44,101.68,41.51
11/20/06,119.38,101.2,41.84
11/27/06,119.27,100.68,40.91
12/4/06,120.29,101.46,41.14
12/11/06,121.75,102.68,41.68
12/18/06,120.39,101.88,40.28
12/26/06,121.13,102.9,40.49
1/3/07,120.21,102.34,41.14
1/8/07,122.52,103.93,42.51
1/16/07,122.16,103.91,41.44
1/22/07,121.57,103.26,40.88
1/29/07,123.86,104.72,41.43
2/5/07,123.12,104.18,41.17
2/12/07,124.65,105.77,41.95
2/20/07,124.28,104.81,42.46
2/26/07,118.61,100.29,39.85
3/5/07,120.41,101.97,40.28
3/12/07,118.96,100.59,40.21
3/19/07,123.13,103.62,41.42
3/26/07,121.94,102.7,40.87
4/2/07,123.86,104.26,41.83
4/9/07,124.79,104.83,41.92
4/16/07,127.62,107.76,42.62
4/23/07,128.4,109.14,43.72
4/30/07,129.6,110.4,43.78
5/7/07,129.55,111.08,43.92
5/14/07,131.06,112.99,43.85
5/21/07,130.26,112.48,43.61
5/29/07,132.31,113.92,44.54
6/4/07,129.7,111.82,44.04
6/11/07,132.01,113.71,44.87
6/18/07,129.84,111.85,44.43
6/25/07,129.73,112.05,44.72
7/2/07,131.93,113.66,45.9
7/9/07,133.55,115.98,46.88
7/16/07,132.38,115.81,47.02
7/23/07,125.15,110.43,45.09
7/30/07,124.02,110.5,44.55
8/6/07,124.8,110.29,44.42
8/13/07,124.8,109.37,43.51
8/20/07,127.92,111.96,45.28
8/27/07,127.29,111.76,45.91
9/4/07,125.97,110.18,45.31
9/10/07,128.41,112.64,46.24
9/17/07,131.68,115.72,47.34
9/24/07,132.21,116.57,48.33
10/1/07,135.05,118.06,49.65
10/8/07,135.46,118.43,50.32
10/15/07,129.69,113.36,49.29
10/22/07,133.11,115.89,50.69
10/29/07,131.02,114.3,51.15
11/5/07,125.77,109.48,47
11/12/07,126.33,110.74,47.26
11/19/07,124.89,109.04,46.85
11/26/07,128.82,113.04,48.23
12/3/07,130.77,114.91,49.19
12/10/07,127.53,112.44,47.91
12/17/07,129.04,113.46,48.79
12/24/07,128.32,112.68,48.76
12/31/07,123.1,108.25,45.54
1/7/08,122.09,106.58,44.27
1/14/08,115.04,101.95,42.67
1/22/08,115.89,103.32,41.39
1/28/08,121.59,107.75,42.9
2/4/08,115.92,102.95,41.03
2/11/08,117.72,104.48,41.23
2/19/08,118.14,104.88,41.1
2/25/08,116.57,104.21,40.42
3/3/08,112.99,100.75,39.59
3/10/08,112.91,101.68,39.76
3/17/08,115.63,104.55,40.58
3/24/08,115.13,103.8,40.96
3/31/08,119.84,107.09,43.19
4/7/08,116.76,104.74,41.7
4/14/08,121.23,108.72,43.99
4/21/08,122.21,109.51,44.4
4/28/08,123.88,111.16,45.93
5/5/08,121.6,108.41,45.4
5/12/08,124.89,110.47,47.1
5/19/08,120.49,106.22,45.39
5/27/08,122.87,107.52,47.1
6/2/08,119.31,104.1,46.17
6/9/08,119.19,104.93,45.55
6/16/08,115.76,101.02,44.69
6/23/08,112.2,96.93,43.02
6/30/08,111.13,96.58,42.06
7/7/08,108.96,94.83,41.99
7/14/08,110.84,98.35,42.02
7/21/08,110.4,96.82,42.66
7/28/08,111,96.78,42.29
8/4/08,113.82,100.06,44.59
8/11/08,114.52,99.91,45.38
8/18/08,114.07,99.73,44.75
8/25/08,113.31,98.98,43.46
9/2/08,109.47,96.33,40.95
9/8/08,110.93,98.42,40.93
9/15/08,109.83,97.67,40.46
9/22/08,106.94,95.59,38.74
9/29/08,97.64,88.75,34.12
10/6/08,78.31,72.02,29.54
10/13/08,82.48,75.41,30.46
10/20/08,77.02,71.58,27.83
10/27/08,85.68,80.55,31.02
11/3/08,83.06,77.65,29.41
11/10/08,76.65,72.55,27.33
11/17/08,70.37,69.7,25.15
11/24/08,79.72,76.41,27.46
12/1/08,77.81,74.93,27.29
12/8/08,78.75,74.74,27.99
12/15/08,78.67,74.1,28.2
12/22/08,77.75,73.85,27.51
12/29/08,82.93,78.3,29.3
1/5/09,79.48,74.78,28.4
1/12/09,75.88,71.9,27.78
1/20/09,74.14,70.02,27.29
1/26/09,73.89,69.63,27.44
2/2/09,77.59,72.05,29.63
2/9/09,73.83,68.3,28.74
2/17/09,69.06,64.43,27.26
2/23/09,65.95,61.83,26
3/2/09,61.48,58.11,24.84
3/9/09,67.88,63.19,27.14
3/16/09,68.92,63.71,27.6
3/23/09,73.32,68.15,29.15
3/30/09,75.7,70.21,30.6
4/6/09,77.1,70.85,31.16
4/13/09,78.24,71.34,31.51
4/20/09,77.86,70.83,31.87
4/27/09,78.97,72.08,32.51
5/4/09,83.54,75.21,32.38
5/11/09,79.7,72.84,31.57
5/18/09,79.98,72.92,31.73
5/26/09,83.14,75.14,33.47
6/1/09,84.95,77.36,34.79
6/8/09,85.43,77.71,34.67
6/15/09,83.16,75.32,34.25
6/22/09,82.98,74.4,34.45
6/29/09,81.15,73.27,33.72
7/6/09,79.48,71.9,33.07
7/13/09,85.05,77.33,35.57
7/20/09,88.6,80.43,36.98
7/27/09,89.28,81.05,37.36
8/3/09,91.44,82.92,37.77
8/10/09,91.07,82.59,37.53
8/17/09,93.04,84.32,38.16
8/24/09,93.41,84.8,38.3
8/31/09,92.22,83.8,38.23
9/8/09,94.66,85.37,39.32
9/14/09,96.89,87.2,40.23
9/21/09,94.82,85.99,39.53
9/28/09,93.05,84.32,38.76
10/5/09,97.38,87.72,40.27
10/12/09,98.86,88.96,40.56
10/19/09,98.12,88.82,40.89
10/26/09,94.02,86.35,38.83
11/2/09,97.26,89.3,40.39
11/9/09,99.52,91.56,41.72
11/16/09,99.35,92.16,41.18
11/23/09,99.47,92.1,41.25
11/30/09,100.78,92.82,41.83
12/7/09,100.87,93.65,41.84
12/14/09,100.59,92.42,42.22
12/21/09,102.66,94.08,43.66
12/28/09,101.71,93.25,43.44
1/4/10,104.57,95.08,44.2
1/11/10,103.72,94.99,43.54
1/19/10,99.68,91.07,41.93
1/25/10,98.02,90.1,40.63
2/1/10,97.35,89.75,40.81
2/8/10,98.61,90.74,41.55
2/16/10,101.44,93.42,42.57
2/22/10,101.08,92.8,42.5
3/1/10,104.28,95.01,44.1
3/8/10,105.38,95.6,44.97
3/15/10,106.29,96.61,45.14
3/22/10,106.84,97.59,45.63
3/29/10,107.96,98.36,45.78
4/5/10,109.57,99.06,46.61
4/12/10,109.39,99.25,47.08
4/19/10,111.64,100.85,48.03
4/26/10,108.89,99.18,46.81
5/3/10,101.97,93.48,43.17
5/10/10,104.38,95.94,44.61
5/17/10,100,92.08,42.63
5/24/10,100.24,91.75,43.35
6/1/10,97.9,89.91,42.86
6/7/10,100.52,92.51,43.25
6/14/10,102.89,94.65,44.76
6/21/10,99.33,92.14,43.2
6/28/10,94.11,87.75,40.53
7/6/10,99.42,92.5,42.58
7/12/10,98.22,91.58,42.31
7/19/10,101.67,94.54,43.95
7/26/10,101.54,94.93,43.72
8/2/10,103.49,96.73,44.62
8/9/10,99.74,93.7,42.68
8/16/10,99.02,92.95,42.87
8/23/10,98.4,92.44,42.06
8/30/10,102.11,95.17,43.91
9/7/10,102.66,95.35,44.47
9/13/10,104.14,96.7,45.9
9/20/10,106.3,98.98,47.5
9/27/10,106.1,98.75,46.88
10/4/10,107.89,100.43,47.59
10/11/10,108.96,100.99,49.25
10/18/10,109.57,101.61,49.4
10/25/10,109.7,101.57,49.91
11/1/10,113.61,104.51,51.34
11/8/10,111.28,102.34,50.23
11/15/10,111.36,102.53,50.19
11/22/10,109.98,101.28,50.48
11/29/10,113.77,104.3,51.53
12/6/10,115.24,104.62,52.12
12/13/10,115.68,105.47,52.25
12/20/10,116.89,106.18,52.46
12/27/10,117.03,106.32,52.2
1/3/11,118.32,107.18,53.55
1/10/11,120.33,108.21,54.63
1/18/11,119.47,109.05,53.36
1/24/11,118.86,108.65,53.41
1/31/11,122.05,111.11,54.99
2/7/11,123.88,112.91,56.01
2/14/11,125.2,114.06,56.29
2/22/11,123.15,111.79,55.25
2/28/11,123.28,112.1,55.56
3/7/11,121.77,111.13,54.14
3/14/11,119.42,109.35,52.26
3/21/11,122.73,112.77,54.55
3/28/11,124.45,114.15,55.15
4/4/11,124.18,114.33,54.66
4/11/11,123.42,114.01,54.37
4/18/11,125.04,115.49,55.99
4/25/11,127.52,118.49,56.7
5/2/11,125.44,116.86,56.12
5/9/11,125.29,116.57,56.06
5/16/11,124.88,115.92,55.45
5/23/11,124.79,115.35,55.12
5/31/11,121.9,112.65,54.08
6/6/11,119.27,110.83,52.44
6/13/11,119.34,111.37,51.74
6/20/11,119.12,110.87,52.31
6/27/11,125.79,116.8,55.71
7/5/11,126.25,117.56,56.78
7/11/11,123.7,115.96,55.65
7/18/11,126.41,117.86,57.33
7/25/11,121.48,112.77,55.79
8/1/11,112.79,106.36,51.78
8/8/11,110.95,105.01,51.53
8/15/11,105.81,100.84,48.13
8/22/11,110.81,105.32,51.11
8/29/11,110.7,104.93,51.25
9/6/11,108.89,102.63,51.16
9/12/11,114.74,107.54,54.54
9/19/11,107.2,100.6,52.18
9/26/11,106.83,101.98,50.59
10/3/11,109.25,103.94,52.11
10/10/11,115.73,108.92,56.07
10/17/11,117.05,110.51,55.22
10/24/11,121.42,114.44,56.8
10/31/11,118.48,112.15,55.7
11/7/11,119.59,113.96,55.75
11/14/11,115.17,110.67,53.39
11/21/11,109.85,105.41,50.96
11/28/11,117.89,112.86,54.57
12/5/11,119.01,114.47,54.95
12/12/11,115.53,111.46,53.03
12/19/11,120.09,115.62,54.2
12/27/11,119.25,114.88,54.01
1/3/12,121.35,116.47,55.93
1/9/12,122.42,117.06,56.28
1/17/12,125.38,119.86,57.82
1/23/12,125.25,119.38,58.43
1/30/12,127.84,121.19,60.03
2/6/12,127.67,120.7,60.43
2/13/12,129.61,122.32,61.36
2/21/12,130.11,122.69,61.87
2/27/12,130.47,122.62,62.76
3/5/12,130.72,122.24,62.9
3/12/12,133.89,125.23,64.46
3/19/12,133.27,123.85,64.87
3/26/12,134.38,124.99,65.46
4/2/12,133.41,123.65,65.62
4/9/12,130.88,121.77,64.14
4/16/12,131.65,123.41,63.65
4/23/12,133.98,125.33,65.16
4/30/12,130.74,123.51,62.7
5/7/12,129.42,121.7,62.19
5/14/12,123.82,117.48,58.93
5/21/12,126.07,118.38,60.15
5/29/12,122.31,115.28,58.54
6/4/12,127.02,119.5,60.92
6/11/12,128.68,121.53,61.18
6/18/12,128.03,120.47,61.53
6/25/12,130.56,122.59,62.32
7/2/12,129.97,121.75,62.28
7/9/12,130.22,121.79,61.56
7/16/12,130.91,122.39,62.39
7/23/12,133.03,124.78,63.01
7/30/12,133.68,124.96,63.72
8/6/12,135.11,126.11,64.94
8/13/12,136.39,126.91,66.36
8/20/12,135.75,125.92,66.33
8/27/12,135.41,125.44,66.2
9/4/12,138.45,127.41,67.44
9/10/12,141.25,130.21,68.16
9/17/12,140.68,130.11,68.33
9/24/12,138.85,128.74,66.79
10/1/12,140.94,130.58,67.19
10/8/12,137.8,127.86,64.95
10/15/12,138.29,128.02,63.97
10/22/12,136.32,125.79,63.65
10/31/12,136.52,125.67,63.48
11/5/12,133.24,123.03,61.78
11/12/12,131.52,121.11,60.68
11/19/12,136.32,125.24,63.22
11/26/12,137.09,125.44,64.09
12/3/12,137.34,126.85,63.24
12/10/12,137.04,126.76,63.01
12/17/12,138.68,127.47,63.86
12/24/12,136,124.84,62.47
12/31/12,142.16,129.66,65.26
1/7/13,142.84,130.3,65.88
1/14/13,144.06,131.77,65.69
1/22/13,145.93,134.22,65.62
1/28/13,146.89,135.3,66.27
2/4/13,147.44,135.29,66.59
2/11/13,147.74,135.37,66.36
2/19/13,147.52,135.72,65.76
2/25/13,147.74,136.62,66
3/4/13,150.97,139.55,67.36
3/11/13,152.02,140.87,67.26
3/18/13,151.8,140.95,67.34
3/25/13,152.84,141.36,67.71
4/1/13,151.37,141.35,66.62
4/8/13,154.92,144.38,68.66
4/15/13,151.68,141.32,66.85
4/22/13,154.37,143.02,68.3
4/29/13,157.43,145.43,70.8
5/6/13,159.42,147.07,71.72
5/13/13,162.86,149.53,72.94
5/20/13,161.27,149.17,72.07
5/28/13,159.46,147.54,71.91
6/3/13,160.77,148.73,72.05
6/10/13,159.19,147.11,70.96
6/17/13,156,144.55,69.36
6/24/13,157.33,145.35,70.19
7/1/13,159.88,147.77,71.48
7/8/13,164.28,150.85,74.16
7/15/13,165.91,151.98,73.46
7/22/13,165.85,152.02,74.23
7/29/13,167.66,153.04,75.8
8/5/13,166.05,150.99,75.33
8/12/13,162.63,147.83,74.34
8/19/13,163.41,147.17,75.51
8/26/13,160.5,145.23,74.33
9/3/13,162.84,146.44,75.76
9/9/13,166.07,150.96,76.88
9/16/13,168.25,151.86,78.03
9/23/13,166.46,149.8,78.1
9/30/13,166.44,148.05,78.43
10/7/13,167.79,149.76,78.26
10/14/13,171.86,151.33,81.15
10/21/13,173.4,153.16,81.89
10/28/13,173.66,153.56,81.8
11/4/13,174.72,155.17,81.53
11/11/13,177.44,157.25,82.94
11/18/13,178.19,158.33,82.96
11/25/13,178.38,158.65,84.68
12/2/13,178.32,158.09,84.95
12/9/13,175.53,155.62,83.81
12/16/13,179.9,160.31,85.72
12/23/13,182.17,162.75,86.73
12/30/13,183,163.74,87.16